0 1.17908
1 1.20223
2 1.24108
3 1.22958
4 1.37384
5 1.27273
6 1.37932
7 1.28528
8 1.38791
9 1.34324
10 1.32763
11 1.31293
12 1.36297
13 1.36887
14 1.37884
15 1.37141
16 1.35389
17 1.29832
18 1.33267
19 1.30716
20 1.32527
21 1.32466
22 1.40009
23 1.38724
24 1.3352
25 1.32398
26 1.37047
27 1.35853
28 1.3374
29 1.34636
30 1.3877
31 1.36498
32 1.32862
33 1.29895
34 1.34138
35 1.34162
36 1.39997
37 1.37815
38 1.36877
39 1.37265
40 1.31444
41 1.3512
42 1.37294
43 1.40692
44 1.37549
45 1.35916
46 1.37217
47 1.54198
48 1.43321
49 1.48089
50 1.37472
51 1.37191
52 1.38897
53 1.37347
54 1.39908
55 1.39638
56 1.34556
57 1.38838
58 1.3465
59 1.34761
60 1.38344
61 1.35902
62 1.38741
63 1.42081
64 1.38007
65 1.32992
66 1.37627
67 1.38677
68 1.38054
69 1.35549
70 1.34822
71 1.37927
72 1.33009
73 1.35167
74 1.38786
75 1.42943
76 1.36829
77 1.35397
78 1.39055
79 1.4074
80 1.40434
81 1.34916
82 1.42652
83 1.4316
84 1.38071
85 1.39223
86 1.41714
87 1.50018
88 1.39584
89 1.38021
90 1.39054
91 1.35913
92 1.3864
93 1.34146
94 1.35627
95 1.39117
96 1.36194
97 1.35768
98 1.3622
99 1.36306
