0 1.3004
1 1.30695
2 1.26727
3 1.29057
4 1.33725
5 1.40004
6 1.2812
7 1.31756
8 1.39519
9 1.3172
10 1.2895
11 1.26137
12 1.31553
13 1.35913
14 1.35278
15 1.33473
16 1.38783
17 1.34023
18 1.41787
19 1.35774
20 1.35656
21 1.41157
22 1.37859
23 1.36827
24 1.40641
25 1.40431
26 1.3678
27 1.32582
28 1.30597
29 1.33327
30 1.36042
31 1.34258
32 1.29502
33 1.37416
34 1.37339
35 1.35903
36 1.3518
37 1.35397
38 1.29311
39 1.4102
40 1.38152
41 1.32283
42 1.39674
43 1.37835
44 1.3169
45 1.35608
46 1.32553
47 1.40562
48 1.37335
49 1.30735
50 1.3554
51 1.36861
52 1.35913
53 1.39421
54 1.33567
55 1.38983
56 1.39506
57 1.42778
58 1.50419
59 1.56995
60 1.6342
61 1.59492
62 1.67772
63 1.53557
64 1.53443
65 1.55745
66 1.74144
67 1.48019
68 1.4591
69 1.44055
70 1.55936
71 1.72509
72 1.51357
73 1.40232
74 1.3712
75 1.45391
76 1.44953
77 1.58761
78 1.45251
79 1.43785
80 1.4461
81 1.49769
82 1.41784
83 1.33946
84 1.40299
85 1.43351
86 1.37779
87 1.39253
88 1.44188
89 1.47535
90 1.52525
91 1.42985
92 1.44612
93 1.47422
94 1.37754
95 1.4086
96 1.34009
97 1.36657
98 1.48942
99 1.3783
