0 1.35154
1 1.37264
2 1.36069
3 1.48413
4 1.39078
5 1.59597
6 1.57143
7 1.58195
8 1.45487
9 1.53881
10 1.47941
11 1.48211
12 1.65493
13 1.61016
14 1.59166
15 1.61838
16 1.60927
17 1.51357
18 1.54748
19 1.52707
20 1.59542
21 1.44275
22 1.49439
23 1.53021
24 1.59153
25 1.61143
26 1.54345
27 1.44588
28 1.47712
29 1.59595
30 1.47876
31 1.4627
32 1.47462
33 1.46703
34 1.47585
35 1.48049
36 1.42249
37 1.47329
38 1.39897
39 1.41753
40 1.47257
41 1.42304
42 1.48804
43 1.49953
44 1.6314
45 1.56364
46 1.46985
47 1.52561
48 1.45173
49 1.55122
50 1.51482
51 1.4785
52 1.4991
53 1.59571
54 1.4858
55 1.50616
56 1.51396
57 1.47774
58 1.53124
59 1.43317
60 1.45443
61 1.58631
62 1.57136
63 1.5104
64 1.57859
65 1.48547
66 1.48707
67 1.56142
68 1.54624
69 1.5418
70 1.52765
71 1.49815
72 1.47726
73 1.53803
74 1.43569
75 1.41891
76 1.47233
77 1.41655
78 1.53442
79 1.48499
80 1.48981
81 1.43565
82 1.42404
83 1.48008
84 1.4464
85 1.53148
86 1.44084
87 1.50747
88 1.57627
89 1.56135
90 1.48227
91 1.51502
92 1.52764
93 1.55293
94 1.57178
95 1.4868
96 1.56614
97 1.44058
98 1.44968
99 1.43233
