0 1.4811
1 1.49083
2 1.69501
3 1.93134
4 1.77368
5 1.60836
6 1.60229
7 1.69877
8 1.58731
9 1.54512
10 1.6981
11 1.72797
12 1.65283
13 0.0191
14 0.015985
15 0.015298
16 0.015479
17 0.015706
18 0.015788
19 0.015729
20 0.01564
21 0.015676
22 0.015692
23 0.01582
24 1.36517
25 1.51928
26 1.46702
27 1.42166
28 1.6605
29 1.66113
30 1.67682
31 1.59243
32 1.6605
33 1.70471
34 1.65692
35 1.58151
36 1.6025
37 1.60611
38 1.44653
39 1.60789
40 1.59887
41 1.62479
42 1.65744
43 1.59914
44 1.68242
45 1.57955
46 1.57453
47 1.55548
48 1.71173
49 1.53847
50 1.59054
51 1.5294
52 1.745
53 1.6317
54 1.64836
55 1.68649
56 1.58361
57 1.7982
58 1.66049
59 1.56603
60 1.68451
61 1.63789
62 1.55997
63 1.5165
64 1.53649
65 1.5536
66 1.63702
67 1.55405
68 1.93438
69 1.70781
70 1.61981
71 1.56506
72 1.55833
73 1.78963
74 1.58309
75 1.58763
76 1.63481
77 1.49194
78 1.69828
79 1.60839
80 1.8659
81 1.65194
82 2.35441
83 1.64049
84 1.68062
85 2.08899
86 1.87519
87 1.73102
88 1.68505
89 1.60292
90 1.57381
91 1.55349
92 1.58958
93 1.5907
94 1.60118
95 1.56382
96 1.80933
97 1.60604
98 1.56118
99 1.60734
