0 1.71766
1 1.56656
2 1.70763
3 1.82982
4 1.52958
0 1.43245
1 1.58149
2 1.79376
3 1.61513
4 1.64101
5 1.69432
6 1.59965
7 1.77376
8 1.75166
9 1.72679
10 1.87898
11 1.74428
12 1.79336
13 1.89122
14 1.97562
15 1.70335
16 1.79377
17 1.71022
18 1.80448
19 1.9884
20 1.80926
21 1.90229
22 1.85079
23 1.78946
24 1.89828
25 1.85854
26 1.63577
27 2.1287
28 1.71329
29 2.12377
30 2.25172
31 2.02626
32 1.66465
33 1.92486
34 1.60841
35 1.79413
36 1.85325
37 1.55172
38 1.7268
39 1.51447
40 1.66614
41 1.65211
42 1.78865
43 1.71689
44 1.78358
45 1.59921
46 1.50798
47 1.39306
48 1.73559
49 1.66651
50 1.64711
51 1.52258
52 1.80321
53 1.54448
54 1.73463
55 1.85829
56 1.6873
57 1.60894
58 1.67966
59 1.63539
60 1.66393
61 1.66768
62 1.60797
63 1.58882
64 1.63544
65 1.74
66 1.59712
67 1.62048
68 1.60821
69 1.55683
70 1.81897
71 1.52481
72 1.55003
73 1.67268
74 1.82248
75 1.52945
76 1.57225
77 1.72418
78 1.78541
79 1.81292
80 1.6862
81 1.85789
82 1.73432
83 2.09901
84 1.96361
85 2.14408
86 2.2937
87 2.01677
88 1.92685
89 2.35966
90 2.06114
91 1.73809
92 1.75384
93 1.57606
94 1.83099
95 1.77437
96 2.12294
97 1.94339
98 2.09188
99 1.76273
