0 1.18786
1 1.26693
2 1.34245
3 1.3698
4 1.28854
5 1.3118
6 1.30135
7 1.30812
8 1.33594
9 1.33508
10 1.30425
11 1.3681
12 1.31701
13 1.37123
14 1.36871
15 1.35615
16 1.30128
17 1.40272
18 1.35407
19 1.3784
20 1.37189
21 1.43611
22 1.36371
23 1.35446
24 1.31899
25 1.33693
26 1.25628
27 1.31506
28 1.31034
29 1.31483
30 1.28324
31 1.29426
32 1.33558
33 1.32402
34 1.29293
35 1.26856
36 1.32
37 1.41109
38 1.32558
39 1.40826
40 1.37916
41 1.32908
42 1.41458
43 1.45935
44 1.4789
45 1.33841
46 1.2908
47 1.34724
48 1.27593
49 1.31146
50 1.35102
51 1.42881
52 1.27764
53 1.34032
54 1.6802
55 1.40376
56 1.57103
57 1.71418
58 1.8339
59 1.47818
60 1.34665
61 1.3125
62 1.34233
63 1.37029
64 1.25541
65 1.23826
66 1.28295
67 1.27947
68 1.40762
69 1.55775
70 1.31998
71 1.38466
72 1.44766
73 1.43658
74 1.32602
75 1.49507
76 1.55995
77 1.53578
78 1.44772
79 1.50508
80 1.44152
81 1.45993
82 1.34872
83 1.32613
84 1.4468
85 1.44296
86 1.58004
87 1.88789
88 1.46322
89 1.42494
90 1.47919
91 1.40523
92 1.36871
93 1.38454
94 1.38163
95 1.38522
96 1.35742
97 1.36326
98 1.3389
99 1.40779
