0 1.183
1 1.21446
2 1.25375
3 1.27777
4 1.34364
5 1.27588
6 1.36166
7 1.42103
8 1.37047
9 1.45243
10 1.39374
11 1.40488
12 1.45407
13 1.40528
14 1.40511
15 1.5072
16 1.47883
17 1.44066
18 1.42007
19 1.4301
20 1.44149
21 1.38006
22 1.48815
23 1.54512
24 1.58587
25 1.41303
26 1.39078
27 1.43483
28 1.46331
29 1.42766
30 1.38605
31 1.48609
32 1.40982
33 1.3303
34 1.46121
35 1.38939
36 1.3494
37 1.35035
38 1.36914
39 1.31785
40 1.35145
41 1.4191
42 1.31679
43 1.37103
44 1.36117
45 1.36936
46 1.38382
47 1.33589
48 1.42941
49 1.31141
50 1.32527
51 1.37865
52 1.41203
53 1.37228
54 1.34606
55 1.30771
56 1.31596
57 1.34577
58 1.36616
59 1.3469
60 1.36897
61 1.33657
62 1.47555
63 1.37445
64 1.51582
65 1.4067
66 1.36653
67 1.40423
68 1.3906
69 1.32678
70 1.42291
71 1.37435
72 1.35599
73 1.37981
74 1.35932
75 1.33651
76 1.35165
77 1.36889
78 1.32526
79 1.37338
80 1.35924
81 1.41186
82 1.34838
83 1.35791
84 1.40944
85 1.34457
86 1.42197
87 1.44615
88 1.42341
89 1.49001
90 1.36058
91 1.35617
92 1.38256
93 1.36455
94 1.36767
95 1.38267
96 1.33777
97 1.36569
98 1.30479
99 1.34961
