0 1.17688
1 1.4239
2 1.36865
3 1.44717
4 1.43745
5 1.37594
6 1.51044
7 1.65206
8 1.43041
9 1.46897
10 1.49779
11 1.40861
12 1.56111
13 1.46586
14 1.56195
15 1.38017
16 1.43481
17 1.4206
18 1.42114
19 1.50645
20 1.38456
21 1.41836
22 1.53672
23 1.40651
24 1.43609
25 1.44169
26 1.42268
27 1.43565
28 1.47737
29 1.39261
30 1.40463
31 1.44165
32 1.5319
33 1.77045
34 1.5881
35 1.41661
36 1.40652
37 1.35259
38 1.46524
39 1.41149
40 1.43658
41 1.38149
42 1.40071
43 1.34678
44 1.41245
45 1.44627
46 1.47944
47 1.53059
48 1.47634
49 1.36183
50 1.42739
51 1.37518
52 1.38041
53 1.47868
54 1.47535
55 1.43998
56 1.53335
57 1.42256
58 1.43306
59 1.41174
60 1.3763
61 1.5123
62 1.41148
63 1.41016
64 1.46334
65 1.5138
66 1.41892
67 1.41143
68 1.41085
69 1.4474
70 1.46951
71 1.45115
72 1.44965
73 1.36729
74 1.38759
75 1.45448
76 1.40622
77 1.40299
78 1.39447
79 1.46338
80 1.55128
81 1.45276
82 1.51923
83 1.48278
84 1.50442
85 1.40069
86 1.41356
87 1.48658
88 1.37591
89 1.40223
90 1.41598
91 1.45104
92 1.45585
93 1.42041
94 1.53741
95 1.43464
96 1.42383
97 1.38619
98 1.40105
99 1.39702
