0 1.32542
1 1.45199
2 1.56916
3 1.475
4 1.63943
5 1.9813
6 1.48981
7 2.03361
8 1.57548
9 1.48159
10 1.77579
11 1.74761
12 1.98491
13 1.92816
14 1.89337
15 1.99937
16 1.93041
17 1.71801
18 1.96294
19 1.83738
20 1.92997
21 2.04852
22 1.82054
23 1.91821
24 1.52318
25 1.62037
26 1.73085
27 1.53245
28 1.65255
29 1.69352
30 1.56604
31 1.95463
32 1.57287
33 1.73549
34 1.70765
35 1.6462
36 1.48034
37 1.54697
38 1.64185
39 1.61468
40 1.50881
41 1.70566
42 1.58219
43 1.757
44 1.5237
45 1.48364
46 1.66861
47 1.63474
48 1.65667
49 1.60184
50 1.5714
51 1.46305
52 1.58146
53 1.69518
54 1.66101
55 1.68094
56 1.55504
57 1.5434
58 1.64127
59 1.58324
60 1.61312
61 1.71735
62 1.55633
63 1.52307
64 1.70047
65 1.67335
66 1.59431
67 1.83515
68 1.59241
69 1.49919
70 1.56906
71 1.4982
72 2.13239
73 1.75091
74 1.52035
75 1.97705
76 1.58436
77 1.54858
78 1.70514
79 1.62344
80 1.80416
81 1.79521
82 1.81237
83 1.73955
84 1.68281
85 1.54459
86 1.75299
87 1.7708
88 2.13131
89 1.62935
90 1.79879
91 2.11024
92 1.89682
93 1.81384
94 1.5628
95 1.50606
96 1.48605
97 1.54496
98 1.54273
99 1.67239
