0 1.40301
1 1.6518
2 1.65762
3 2.0876
4 2.07784
5 2.06478
6 1.76599
7 1.84437
8 1.875
9 1.90026
10 1.65459
11 1.84081
12 1.91927
13 1.84831
14 1.90393
15 2.02089
16 1.88578
17 2.10804
18 1.97291
19 2.27501
20 1.6744
21 1.88339
22 2.06532
23 1.74708
24 1.55549
25 1.89328
26 1.92505
27 1.75147
28 1.54723
29 1.60858
30 1.72851
31 2.43779
32 1.98986
33 1.83764
34 1.95772
35 1.82376
36 1.96064
37 1.75491
38 1.74311
39 1.76383
40 1.90934
41 1.88515
42 1.86568
43 1.8853
44 1.74541
45 1.77595
46 1.8263
47 2.03927
48 1.73859
49 1.69254
50 1.76674
51 1.798
52 1.96302
53 2.04176
54 2.40633
55 2.07839
56 2.15884
57 2.54807
58 1.98743
59 1.90752
60 2.37599
61 1.81691
62 1.87004
63 1.70311
64 1.75129
65 2.04819
66 2.40831
67 2.59628
68 2.08185
69 1.86726
70 1.73662
71 1.74767
72 1.71573
73 1.95972
74 1.92929
75 2.51232
76 2.33434
77 1.83082
78 2.37328
79 1.99906
80 2.28041
81 2.00261
82 1.87429
83 1.95065
84 1.67361
85 1.91664
86 1.7608
87 2.0276
88 1.96611
89 1.91149
90 1.85166
91 1.57819
92 1.79087
93 1.73603
94 1.77698
95 1.61493
96 1.88329
97 1.84625
98 1.97126
99 1.86696
