0 1.72878
1 1.75753
2 1.98346
3 1.96883
4 2.02523
5 1.96622
6 1.95457
7 2.36321
8 1.79896
9 2.0769
10 1.94902
11 2.00566
12 1.74231
13 1.62371
14 1.87261
15 2.07995
16 2.35887
17 1.91479
18 1.95668
19 2.19295
20 2.16891
21 2.27716
22 1.99471
23 2.19438
24 2.13364
25 2.29482
26 2.25035
27 2.17902
28 2.14208
29 1.76612
30 1.83999
31 1.90804
32 2.08028
33 2.27586
34 2.03438
35 2.09982
36 1.67154
37 1.8858
38 1.8832
39 1.77694
40 2.11503
41 2.01777
42 2.35013
43 1.95043
44 1.97179
45 1.70361
46 2.09886
47 2.02022
48 2.51285
49 2.64828
50 2.22726
51 2.51075
52 2.17745
53 1.81123
54 1.5301
55 1.7535
56 1.8275
57 1.91912
58 2.37605
59 2.79018
60 2.44067
61 1.93237
62 1.8124
63 1.75155
64 1.77926
65 1.93877
66 1.99085
67 2.67814
68 1.91024
69 1.7506
70 1.58589
71 1.87634
72 1.95755
73 1.87332
74 2.09669
75 1.57145
76 2.2089
77 2.70427
78 2.19137
79 2.16582
80 1.94228
81 2.28107
82 1.9012
83 1.7693
84 2.60133
85 2.45358
86 1.99827
87 1.8978
88 1.84322
89 2.21826
90 1.66009
91 1.87602
92 1.89022
93 2.36762
94 1.92807
95 1.89119
96 1.97766
97 1.73049
98 2.13148
99 1.88308
