0 1.96094
1 2.37148
2 2.08534
3 2.79839
4 2.48204
5 2.21165
6 2.08544
7 2.0387
8 1.83727
9 2.25324
10 2.26545
11 2.10215
12 2.43134
13 2.01731
14 2.15365
15 2.60187
16 2.22288
17 2.30326
18 2.18097
19 2.08271
20 2.4202
21 2.50855
22 2.34054
23 1.95198
24 2.47886
25 2.37694
26 2.29816
27 2.3759
28 2.6221
29 2.58472
30 2.23724
31 2.50462
32 1.99868
33 2.06741
34 2.05915
35 1.74029
36 1.99879
37 2.24709
38 1.87886
39 1.87014
40 1.87495
41 2.00113
42 1.90001
43 1.77246
44 1.85654
45 2.05412
46 1.88874
47 1.85688
48 1.93409
49 1.67825
50 2.19137
51 2.10794
52 1.92205
53 1.8475
54 1.99925
55 1.68957
56 1.9781
57 1.8838
58 2.0734
59 1.73164
60 1.92138
61 1.56486
62 1.90781
63 1.81701
64 1.96503
65 1.76872
66 1.97944
67 2.07454
68 1.91968
69 2.00446
70 2.07924
71 1.66012
72 1.73803
73 2.1721
74 1.7761
75 1.82643
76 1.73589
77 1.81928
78 1.9973
79 1.83814
80 1.81362
81 1.96797
82 1.8548
83 2.01314
84 1.82773
85 2.17803
86 1.87421
87 2.10344
88 2.03008
89 2.0307
90 2.38805
91 1.87136
92 2.67872
93 2.77819
94 2.96628
95 3.38803
96 2.14912
97 1.82936
98 1.99046
99 1.96867
