0 2.0816
1 2.28104
2 2.28285
3 2.2051
4 1.95473
5 2.43078
6 2.26768
7 2.07628
8 2.0856
9 2.06025
10 2.17693
11 1.91545
12 2.30425
13 2.93824
14 2.65924
15 2.56935
16 2.45964
17 2.41303
18 2.23483
19 2.83068
20 2.48457
21 2.91262
22 2.24305
23 2.57858
24 2.23809
25 2.70346
26 2.13068
27 2.33191
28 2.61307
29 2.50238
30 2.74945
31 2.16602
32 2.12257
33 2.42267
34 2.22372
35 2.34168
36 2.75633
37 2.35733
38 2.43412
39 2.16971
40 2.67177
41 2.41334
42 2.32874
43 2.02058
44 2.47424
45 1.83424
46 2.21005
47 2.02721
48 2.37058
49 1.97015
50 2.13754
51 1.72034
52 1.89115
53 1.93247
54 2.02329
55 2.06586
56 2.05452
57 2.132
58 1.90743
59 2.09631
60 2.27395
61 1.8938
62 2.02987
63 1.98115
64 2.16402
65 2.11286
66 1.92154
67 2.13127
68 1.86522
69 2.23463
70 2.0488
71 2.54717
72 2.40629
73 2.22166
74 1.94201
75 2.07581
76 2.04789
77 2.44828
78 2.44208
79 1.91977
80 2.30519
81 2.27722
82 2.29002
83 2.27947
84 1.9148
85 2.36457
86 2.2801
87 2.25997
88 2.22816
89 2.04386
90 2.36328
91 2.52326
92 2.28664
93 2.00778
94 2.45105
95 2.44769
96 1.79599
97 2.16744
98 2.41387
99 2.71442
