0 1.64782
1 2.19892
2 2.51664
3 2.33683
4 2.34477
5 2.81503
6 2.69368
7 2.22525
8 3.18135
9 3.81092
10 2.57706
11 2.16168
12 2.02106
13 2.76484
14 2.5539
15 3.82425
16 3.68449
17 2.18989
18 2.3929
19 2.37398
20 2.1141
21 2.44854
22 2.73556
23 2.9447
24 3.22771
25 2.62459
26 2.45433
27 2.47782
28 2.83722
29 3.03807
30 3.91658
31 3.15868
32 3.28451
33 3.27036
34 2.73416
35 2.66752
36 2.81629
37 2.44446
38 2.79155
39 2.21141
40 2.42369
41 2.48608
42 2.67092
43 2.49744
44 2.70761
45 2.60458
46 2.30339
47 2.71641
48 2.70675
49 2.34154
50 2.27968
51 2.05711
52 2.76537
53 2.45179
54 2.67307
55 2.90577
56 2.03972
57 2.21179
58 2.35825
59 2.50677
60 2.48697
61 2.70218
62 2.94266
63 3.10922
64 2.51149
65 2.5353
66 2.25926
67 2.84199
68 2.30007
69 2.68876
70 2.85721
71 2.21431
72 2.89309
73 2.39343
74 2.68508
75 2.81312
76 2.77556
77 2.6694
78 2.91698
79 2.246
80 2.69676
81 2.41259
82 2.17943
83 2.29261
84 2.28104
85 2.0704
86 2.3832
87 2.29033
88 2.47197
89 2.48586
90 2.66511
91 2.14775
92 2.20338
93 2.30425
94 2.27085
95 2.21315
96 2.2348
97 2.15926
98 2.2772
99 2.68572
